0                    1      0.426970080903354421
1                  192      0.002281271860680595
2                89256      0.365562043702606310
3             10924092      0.017792626620202239
4            210075301      0.133827902200248428
5            423054224      0.012747546599303087
6            715151309      0.029744431695263383
7            299568980      0.004548687592490464
8            219962292      0.004829882797112247
9             71639896      0.001006758937968281
10            34995886      0.000557168968713219
11            10686236      0.000104847911190038
12             3357415      0.000025187216066844
13              691728      0.000001463270957528
14               72678      0.000000099679964441
15                  84      0.000000000044003361

